1

Ι 155, , 01155 55555510155555.

0001011111 10 6010010 0110110100 110 51 Coloni 50011010, inquilini urbanis praediis adscripti
01001 000100,

5015. 055550 55550 055551 1 505551 5555555051 .-
551555. 5511. 555, 1. - 505555 5505555550. 15. 001, 5.·

1) „Apud crue. quoque 1010111115 Equitem 1100110000111, eq. 8001151103· Mur. 801
videndum, 00 significentur -1-10001100 1101110111, Arretio, 810000110 001. oriundi. 015. e.
1150755, 8. Το50101; 1111 VIR. 1112111111 Pornsrr'rss. EQVES 110,

5115. 0. 555510. c. 5. 5555. 5150101 1 505555 555151..
’5555050 550 1 55 55510155. 55015. 55. 515 5 5555. cv.
5550511555 5555. 555 1 550. 515 550 5 050 5155155555
0511 51555555 55555 1 50515. 055105055. 55010 515.
5555515 0 00555555. 00515005 00050515555 555, 11 1555
55 055051550555 5555555055 11 00155000. 550. 550. 55-
5505. 0555050 505055 r 05555505 0551055555 555. 55.
5055515551ῑο 5 5555555 05 055505510551151055. 0505.
5105 11 555055. -5, V. 00555015 05151555 515. 55511511
55 505055 55550) -5 15. 5. 5. 5. 0. - 515515. 010. 015, e.

' Α 1101150150)ηόὂό 517.

1)1)5000000010110011111(501Χ.111,0)011100101000υο11151,2)1510.01001011“10011100
00100111100111(100.,18536,381,.,.83921171,3,1“00111·11.01.,661611,0
516, 1οη00100111010710101000011010110000500110100150000011 1001100,001110001010101110
0100101 00011101 0100050051 80111010 55111000100001551,1ω;10100110 100111
[1000501010 Ι11011101000111,,1101οκ See. 628 11011 ,1110010100100018 ’
11100051150110οη0111011101111101,000100110000105001101110010111005110011000010
1000001011ιο 81110101 ·1·.1111)01.,.00.1896Ρ15000
1110161· 05..0050117(110 7001010111 010κοκο0101οω1111710
00,·100.Τ10) 80101156,,2011100010 160οΜ188θὸ 1)Ἔο 5100010000101711 ’0,1Η
71101111 7011010711 80011101000001
⁶:1.HW 00107 8011101ῑί100,οΐ010“00011010πο1·11·01·111·,11111000100111117010000000011000010
, 111011001ιεῖ»1001111110ᾭο110115001000100100011011.
111111 01111ομ1101 0111511100 wi 011111 rmicipiilrsueee 0080001010 0101010
5001100011Γο1000110,1 queirec 1001000011 0111101 1> 1111 1000101.Ραο111101100
fortasse 50000000 quoque 00011111 incertae 701000001011001οε

5055. 5555510 5505055 1 'XV 5150. 5505550 11 550.
’ 5500. 550. 55 1 5505. 5555155 1555505. 5. 5. 5. 55) 1
1). D. ·- Ameriae. (15115572, 8,

1) 00100 haece 1110050. interpretetur: 1101· publicae. Honore 700, 501 Vm. Do· ,
05010 Hermionam 0111 minue probabiliter. 1101001181, Huius 70010, 50180101. 11101150
0101105110011110, Honorem memorentur 10 eeq. lepido: ⁴

5115. 05 5555550 5055510 05 555551 1 5055515555
5. 555 0 555110 ...50) 11 5 00 01151555 05551555 55 1
5505051555 555050 550. 51) 1 0555151555 55 555551055
05555 0 1 0555555 555550. 5505555 50505551 155 5505-
5555555) 5555050 5105555111510 0515555555 5551555555
051155 05050555055 51505515 55115555550 505551 55.
05555505 55 1 55055 5155 555551 555055155551515511115
EXHIBVIT LD. m).- Acerrae. 5000101055

1)1’0100101. 5)51.011511.0110011110001.11,ρι 3)8000 0101101000000110.000111οο,
5150001001, 500000000105010150001010010011110110.

*k*

 

